image_width: 1032
image_height: 772
camera_name: cam1_rect
camera_matrix:
  rows: 3
  cols: 3
  data: [1365.49493216333, 0, 516.0, 0, 1365.49493216333, 386.0, 0, 0, 1]
distortion_model: plumb_bob
distortion_coefficients:
  rows: 1
  cols: 5
  data: [0, 0, 0, 0, 0]
rectification_matrix:
  rows: 3
  cols: 3
  data: [1, 0, 0, 0, 1, 0, 0, 0, 1]
projection_matrix:
  rows: 3
  cols: 4
  data: [1365.49493216333, 0, 516.0, -248.3165, 0, 1365.49493216333, 386.0, 0, 0, 0, 1, 0]
